('0', '0')
('0', '1')
('1', '0')
('1', '1')

States: 
 [(1, 0, 1, 0), (1, 0, 0, 1), (0, 1, 1, 0), (0, 1, 0, 1)] {'Node1': ['0', '1'], 'Node2': ['0', '1']}

Actions: 
 [(1, 0, 1, 0), (1, 0, 0, 1), (0, 1, 1, 0), (0, 1, 0, 1)] {'Node1Switch': ['0', '1'], 'Node2Switch': ['0', '1']}

 Switching costs: 
 {((1, 0, 1, 0), (1, 0, 1, 0)): 100.0, ((1, 0, 1, 0), (1, 0, 0, 1)): 50.0, ((1, 0, 1, 0), (0, 1, 1, 0)): 50.0, ((1, 0, 1, 0), (0, 1, 0, 1)): 0.0, ((1, 0, 0, 1), (1, 0, 1, 0)): 100.0, ((1, 0, 0, 1), (1, 0, 0, 1)): 50.0, ((1, 0, 0, 1), (0, 1, 1, 0)): 50.0, ((1, 0, 0, 1), (0, 1, 0, 1)): 0.0, ((0, 1, 1, 0), (1, 0, 1, 0)): 100.0, ((0, 1, 1, 0), (1, 0, 0, 1)): 50.0, ((0, 1, 1, 0), (0, 1, 1, 0)): 50.0, ((0, 1, 1, 0), (0, 1, 0, 1)): 0.0, ((0, 1, 0, 1), (1, 0, 1, 0)): 100.0, ((0, 1, 0, 1), (1, 0, 0, 1)): 50.0, ((0, 1, 0, 1), (0, 1, 1, 0)): 50.0, ((0, 1, 0, 1), (0, 1, 0, 1)): 0.0}
Restricted license - for non-production use only - expires 2025-11-24

Alpha:  1.0
Method: Mean Reward, Reward Std, Mean Num. Attack Success, Mean Num. Switches
Adaptive-Threat-Aware-FMDP:  150.01078705339515 9.120964330727793 388.8 306.2
FPL-MTD:  129.1590516162833 17.576895293086682 269.8 8.9
EPS-GREEDY:  140.9428183182631 5.639385437945789 271.6 522.0
URS:  129.97389034147216 1.4849440653814556 261.4 757.6

Config: 1 100.0 0.0
Config: 2 139.98469275427772 0.9561787165563309
Config: 3 119.9326378133479 1.0921235403725102
Config: 4 159.91733056762558 1.6045057424889413
